   78.9199982       11.9300003    
   51.2000008      -1.79999995    
   38.7299995      -27.0699997    
   32.6300011      -16.8999996    
   38.7700005      -9.13000011    
   52.7299995       7.32999992    
   47.8300018       10.8699999    
   42.8199997       23.3799992    
   35.1500015       33.4000015    
   47.9199982       33.2200012    
   35.6800003       51.3199997    
   34.3499985       47.1500015    
   32.6199989       51.6699982    
   30.2500000       56.9700012    
   49.9700012       92.0800018    
   27.2299995       2.50000000    
   27.6700001      -8.13000011    
   36.8300018       10.2299995    
   33.9199982       8.10000038    
   16.9699993       7.98000002    
   16.7199993      -3.00000000    
   20.9300003      -17.0300007    
   18.1000004      -15.9499998    
   13.7700005      -13.6800003    
  -15.9300003      -5.67000008    
  -7.96999979      -14.3999996    
  -15.8800001       54.5200005    
  -20.2999992       57.5000000    
  -37.7999992       77.5299988    
  -49.3499985       70.2500000    
   31.0799999       33.8300018    
   26.2000008       32.7500000    
   27.0499992       27.9799995    
  0.469999999       9.42000008    
   12.3500004      -1.51999998    
  -22.5699997       17.1000004    
  -23.8299999       29.4200001    
  -28.2500000       28.3299999    
  -30.6700001       24.0000000    
   34.7500000      -120.570000    
   34.5999985      -86.6200027    
   39.4700012      -76.0699997    
   32.5099983      -114.000000    
   33.4500008      -111.949997    
   28.6299992      -106.080002    
   25.8700008      -100.230003    
   25.0499992      -77.4700012    
   17.9300003      -76.7799988    
   18.4699993      -69.8799973    
   17.5300007      -88.3000031    
   8.97999954      -79.5800018    
   18.0499992      -63.1199989    
   13.0699997      -59.5000000    
   12.1999998      -68.9700012    
   4.69999981      -74.1500015    
   2.82999992      -60.7000008    
   2.48000002      -55.9799995    
   5.00000007E-02  -51.0699997    
  -2.43000007      -54.7200012    
  -2.59999990      -44.2299995    
  -4.23000002      -69.9199982    
  -6.76999998      -43.0200005    
  -7.61999989      -72.6699982    
  -8.69999981      -63.9000015    
  -8.05000019      -34.9199982    
  -10.0000000      -67.8000031    
  -9.38000011      -40.5000000    
  -13.0000000      -38.5200005    
  -13.2700005      -43.4199982    
  -17.7299995      -39.2500000    
  -20.5000000      -29.3199997    
  -25.5200005      -54.5800018    
  -29.7800007      -57.0299988    
 -0.899999976      -89.6200027    
  -23.4200001      -70.4700012    
  -53.0000000      -70.8499985    
  -27.4500008      -59.0499992    
  -31.3199997      -64.2200012    
  -34.8199997      -58.5299988    
  -36.5699997      -64.2699966    
  -45.7799988      -67.4499969    
  -70.6699982      -8.25000000    
  -75.5199966      -26.6000004    
  -67.5699997      -68.1299973    
  -67.5999985       62.8800011    
