   65.5500031       22.1299992    
   57.6699982       12.5000000    
   50.7500000       4.76999998    
   48.6800003       6.21999979    
   48.2299995       14.1800003    
   47.2700005       11.3500004    
   47.0000000       15.4300003    
   46.2500000       20.1000004    
   46.7799988       23.5699997    
   44.6500015       11.6199999    
   37.9000015       23.7299995    
   77.7200012       104.279999    
   59.4500008       24.7999992    
   54.8800011       23.8799992    
   56.4500008       138.149994    
   52.4500008       31.0000000    
   50.4000015       30.4500008    
   46.4799995       30.6299992    
   45.0200005       33.9799995    
   49.9300003       36.2799988    
   38.1300011       46.2500000    
   31.3299999       48.6699982    
   27.2199993       56.2799988    
   23.5799999       58.2799988    
   17.0300007       54.0800018    
   24.8999996       67.1299973    
   27.4799995       95.0199966    
   26.2299995       78.2500000    
   26.6700001       88.3700027    
   26.1000004       91.5800018    
   23.0699997       72.6299973    
   23.3199997       85.3199997    
   23.8799992       91.2500000    
   22.6499996       88.4499969    
   21.1000004       79.0500031    
   21.2299995       81.6500015    
   20.2500000       85.8300018    
   19.1200008       72.8499985    
   19.8500004       75.4000015    
   17.7199993       83.3000031    
   16.1800003       81.1299973    
   15.4799995       73.8199997    
   49.6300011       100.169998    
   39.0200005       125.820000    
   18.7800007       98.9800034    
   15.2500000       104.870003    
   13.6700001       100.620003    
   8.10000038       98.3000031    
   7.19999981       100.599998    
   21.0200005       105.800003    
   18.6700001       105.680000    
   16.0300007       108.199997    
   10.8199997       106.669998    
   33.5699997      -7.67000008    
   31.3299999       27.2199993    
   29.8700008       31.3299999    
   23.9699993       32.7799988    
  -1.29999995       36.7500000    
  -29.6700001       17.8999996    
  -27.1299992      -109.470001    
  -51.8199997      -58.4500008    
  -90.0000000       0.00000000    
  -70.7699966       11.8299999    
  -68.5800018       77.9800034    
  -66.5500031       93.0199966    
  -66.6699982       140.020004    
  -77.8499985       166.669998    
  -17.7000008       168.300003    
   1.35000002       172.919998    
  -8.52000046       179.220001    
  -17.7500000       177.449997    
  -9.80000019      -139.029999    
  -14.4799995      -145.029999    
  -23.1299992      -134.970001    
  -23.3500004      -149.479996    
  -43.9500008      -176.570007    
  -29.2500000      -177.919998    
  -12.2799997       136.820007    
  -12.6800003       141.919998    
  -17.9500008       122.230003    
  -19.2500000       146.770004    
  -16.2999992       149.979996    
  -20.3700008       118.629997    
  -23.7999992       133.899994    
  -20.6800003       139.479996    
  -23.3799992       150.479996    
  -28.7999992       114.699997    
  -26.6200008       118.550003    
  -25.0300007       128.279999    
  -26.4200001       146.279999    
  -30.7800007       121.449997    
  -33.8300018       121.879997    
  -31.6700001       128.880005    
  -31.1499996       136.800003    
  -31.4799995       145.830002    
  -32.8199997       151.830002    
  -34.9500008       117.800003    
  -37.7299995       140.779999    
  -35.1699982       147.470001    
  -31.5300007       159.070007    
  -29.0300007       167.929993    
  -29.4799995       149.850006    
   3.95000005       108.379997    
  -12.1800003       96.8300018    
  -3.70000005       128.080002    
  -8.47000027       140.380005    
   18.1800003       120.529999    
