   70.9300003      -8.67000008    
   74.5199966       19.0200005    
   67.2799988       14.4499998    
   63.7000008       9.60000038    
   58.8699989       5.67000008    
   62.5299988       17.4500008    
   57.6500015       18.3500004    
   67.3700027       26.6499996    
   60.8199997       23.5000000    
   60.1300011      -1.17999995    
   55.0200005      -1.87000000    
   53.0000000      -1.25000000    
   50.2200012      -5.32000017    
   50.9000015      0.319999993    
   54.5000000      -6.34000015    
   51.9300003      -10.2500000    
   63.9700012      -22.6000004    
   68.6999969      -52.8499985    
   61.1800003      -45.4199982    
   76.7699966      -18.7700005    
   70.4800034      -21.9500008    
   65.5999985      -37.6300011    
   62.0200005      -6.76999998    
   52.0999985       5.17999983    
   46.8199997       6.94999981    
   48.4500008      -4.42000008    
   48.7700005       2.00000000    
   45.7299995       5.07999992    
   44.8300018     -0.680000007    
   43.8699989       4.40000010    
   41.9199982       8.80000019    
   43.3699989      -8.42000008    
   43.4700012      -3.81999993    
   41.6699982      -1.01999998    
   41.3800011       2.11999989    
   40.4700012      -3.57999992    
   39.5999985       2.70000005    
   38.0000000      -1.16999996    
   36.1500015      -5.34999990    
   54.5299988       9.55000019    
   54.0999985       13.3999996    
   52.3800011       7.23000002    
   52.8199997       9.93000031    
   52.2200012       14.1199999    
   51.4000015       6.96999979    
   50.5699997       10.3800001    
   49.7000008       7.32999992    
   48.8300018       9.19999981    
   49.4300003       11.8999996    
   48.2500000       11.5500002    
   48.2299995       16.3700008    
   50.0000000       14.4499998    
   49.4500008       17.1299992    
   49.0299988       20.3199997    
   54.7500000       17.5300007    
   52.4000015       20.9699993    
   51.1300011       16.9799995    
   47.4300003       19.1800003    
   44.7799988       20.5300007    
   45.8199997       16.0300007    
   44.0999985       15.3500004    
   44.5000000       26.1299992    
   46.0299988       13.1800003    
   45.4300003       9.27999973    
   44.5299988       7.61999989    
   41.6500015       12.4300003    
   40.6500015       17.9500008    
   37.9199982       12.5000000    
   39.2500000       9.05000019    
   40.5200005       22.9699993    
   35.3300018       25.1800003    
   41.2799988       36.2999992    
   40.9700012       29.0799999    
   38.9000015       41.2799988    
   39.9500008       32.8800011    
   38.4300003       27.1700001    
   37.7500000       30.5499992    
   37.9000015       40.2000008    
   37.0499992       35.3499985    
   80.6200027       58.0499992    
   73.5000000       80.4199982    
   72.3799973       52.7299995    
   71.9800034       102.470001    
   71.6299973       128.850006    
   70.6200027       147.880005    
   68.9800034       33.1199989    
   67.1299973       32.4300003    
   67.8700027       44.1699982    
   64.9800034       34.7799988    
   64.5800018       40.5000000    
   61.8199997       34.2700005    
   61.5000000       38.9300003    
   67.6500015       53.0200005    
   66.5299988       66.5299988    
   65.1200027       57.0999985    
   65.7799988       87.9499969    
   61.6699982       50.8499985    
   61.5999985       90.0000000    
   60.6800003       60.4300003    
   60.9700012       69.0699997    
   60.4300003       77.8700027    
   68.5000000       112.430000    
   67.5500031       133.380005    
   66.7699966       123.400002    
   64.2799988       100.230003    
   63.7700005       121.620003    
   63.4700012       142.800003    
   62.5499992       114.000000    
   60.3300018       102.269997    
   60.4000015       120.419998    
   62.0800018       129.750000    
   68.7500000       161.300003    
   65.7300034       150.899994    
   65.2200012       160.500000    
   62.9199982       152.419998    
   59.5800018       150.779999    
   59.9500008       30.7000008    
   57.9000015       34.0499992    
   56.3800011       30.6000004    
   54.7500000       32.0699997    
   59.2799988       39.8699989    
   58.5999985       49.6300011    
   56.2700005       44.0000000    
   55.7799988       49.1800003    
   55.7500000       37.5699997    
   54.1199989       35.3300018    
   54.6300011       39.7000008    
   53.1300011       45.0200005    
   52.9799995       49.4300003    
   58.0200005       56.2999992    
   58.1500015       68.1800003    
   56.7299995       61.0699997    
   55.4700012       65.4000015    
   54.9300003       73.4000015    
   53.2200012       63.6199989    
   58.2999992       82.9000015    
   58.4500008       92.1500015    
   58.3800011       97.4800034    
   56.1800003       92.6200027    
   55.3699989       78.4000015    
   55.0299988       82.9000015    
   54.8800011       99.0299988    
   53.3499985       83.8199997    
   53.7700005       91.3199997    
   59.4500008       112.580002    
   57.7700005       108.120003    
   56.2999992       101.699997    
   56.9199982       118.250000    
   54.4700012       113.580002    
   52.4799995       103.849998    
   52.0200005       113.330002    
   50.3699989       108.750000    
   50.3800011       116.519997    
   58.6199989       125.370003    
   59.3699989       143.199997    
   53.7500000       127.230003    
   53.1500015       140.699997    
   50.2700005       127.500000    
   50.0699997       132.130005    
   48.5299988       135.229996    
   49.0000000       140.270004    
   45.9300003       133.740005    
   43.2700005       132.050003    
   50.9000015       142.169998    
   49.2200012       143.100006    
   46.9199982       142.729996    
   50.7000008       156.229996    
   56.3199997       160.830002    
   53.0200005       158.720001    
   51.6500015       36.1800003    
   51.6699982       39.2700005    
   51.5699997       46.0299988    
   50.4199982       41.0499992    
   48.6800003       44.3499985    
   47.2500000       39.8199997    
   45.9199982       43.3499985    
   46.3499985       47.9700012    
   51.7500000       55.0999985    
   50.1699982       57.0900002    
   49.4799995       73.0899963    
   47.7999992       67.7200012    
   47.1199989       51.9199982    
   52.2799988       76.9499969    
   43.2099991       77.0100021    
   44.0999985       39.0699997    
   44.2200012       43.0999985    
   42.5099983       71.2300034    
   32.0000000       34.8199997    
   28.3299999       46.1199989    
   28.3700008       36.5800018    
   27.4300003       41.6800003    
   26.4400005       49.8100014    
   24.5499992       39.7200012    
   24.9300003       46.7200012    
   29.2199993       47.9799995    
   36.2700005       59.6300011    
   34.5499992       69.2200012    
   31.5000000       65.8499985    
   21.7000008       39.1800003    
   18.2299995       42.6500015    
   24.4300003       54.6500015    
   34.0800018       74.8300018    
   28.5799999       77.1999969    
   26.7500000       80.8799973    
   25.6000004       85.0999985    
   17.4500008       78.4700012    
   13.0000000       80.1800003    
   12.9700003       77.5800018    
   11.6700001       92.7200012    
   8.30000019       73.0000000    
   8.47999954       76.9499969    
   47.9300003       106.980003    
   22.3199997       114.169998    
   38.2500000       128.570007    
   37.9700012       124.629997    
   37.0999985       127.029999    
   36.0299988       129.380005    
   35.1199989       126.820000    
   34.6800003       125.449997    
   33.2799988       126.169998    
   45.4199982       141.679993    
   43.0499992       141.330002    
   43.3300018       145.580002    
   40.7000008       141.380005    
   39.7200012       140.100006    
   37.3800011       136.899994    
   36.0499992       140.130005    
   33.1199989       139.779999    
   34.7500000       137.699997    
   35.4300003       133.350006    
   33.4500008       135.770004    
   33.5800018       130.380005    
   31.6299992       130.600006    
   28.3799992       129.550003    
   24.3299999       124.169998    
   25.8299999       131.229996    
   27.0799999       142.179993    
   24.2999992       153.970001    
   5.30000019       100.269997    
   6.17000008       102.279999    
   2.73000002       101.699997    
   3.77999997       103.220001    
   1.37000000       103.980003    
   49.2200012       119.750000    
   49.1699982       125.220001    
   47.7200012       128.899994    
   45.6800003       126.620003    
   47.7299995       88.0800018    
   43.9500008       81.3300018    
   43.9000015       87.4700012    
   41.7200012       82.9499969    
   39.4700012       75.9800034    
   39.0299988       88.1699982    
   37.1300011       79.9300003    
   37.0699997       82.7200012    
   42.8199997       93.5199966    
   41.9799995       101.070000    
   41.6300011       97.0299988    
   40.1300011       94.7799988    
   39.7700005       98.4800034    
   38.7200012       103.099998    
   36.4199982       94.9000015    
   36.3300018       98.0999985    
   36.7200012       101.769997    
   35.8699989       104.150002    
   43.6500015       112.000000    
   40.8199997       111.680000    
   40.7700005       107.400002    
   38.4799995       106.220001    
   37.7799988       112.550003    
   36.5999985       109.500000    
   35.5499992       106.669998    
   43.9500008       116.120003    
   43.5999985       122.269997    
   43.9000015       125.220001    
   42.2700005       118.970001    
   42.8800011       129.470001    
   41.8199997       123.550003    
   41.7200012       126.919998    
   39.7999992       116.279999    
   38.9000015       121.629997    
   36.7000008       117.550003    
   36.0699997       120.330002    
   31.4799995       92.0500031    
   29.7000008       91.1299973    
   33.0000000       97.0199966    
   34.9700012       102.900002    
   31.1499996       97.1699982    
   31.6299992       99.9800034    
   30.7000008       103.830002    
   27.8799992       102.300003    
   26.8700008       104.279999    
   25.0300007       98.4800034    
   25.0200005       102.680000    
   22.9500008       100.980003    
   23.3799992       103.379997    
   34.7200012       113.650002    
   33.0699997       107.029999    
   34.4300003       108.970001    
   33.0299988       112.580002    
   30.2700005       109.480003    
   30.7000008       111.279999    
   30.6200008       114.129997    
   29.5200005       106.480003    
   28.2000008       112.970001    
   27.5699997       110.000000    
   26.4799995       106.650002    
   25.3299999       110.300003    
   25.8199997       113.019997    
   25.8700008       115.000000    
   34.2799988       117.169998    
   33.7700005       120.250000    
   32.9000015       115.800003    
   32.0000000       118.800003    
   31.3999996       121.470001    
   30.5200005       117.029999    
   30.2299995       120.169998    
   28.6700001       115.919998    
   28.9699993       118.870003    
   28.6200008       121.419998    
   27.3299999       117.470001    
   26.0799999       119.279999    
   25.0300007       121.519997    
   24.4500008       118.070000    
   23.8999996       106.599998    
   23.4799995       111.300003    
   23.6700001       113.050003    
   23.3500004       116.680000    
   22.6299992       108.220001    
   20.0300007       110.349998    
   16.8299999       112.330002    
   28.3199997      -16.3799992    
   36.7200012       3.25000000    
   31.6200008      -2.23000002    
   22.7800007       5.51999998    
   13.4799995       2.17000008    
   12.5299997      -7.94999981    
   14.7299995      -17.5000000    
   12.1300001       15.0299997    
   5.25000000      -3.93000007    
  -18.7999992       47.4799995    
  -25.0300007       46.9500008    
  -25.9200001       28.2199993    
  -28.4200001       21.2700005    
  -29.1000004       26.2999992    
  -29.9699993       30.9500008    
  -33.9700012       18.6000004    
  -33.9799995       25.6200008    
  -46.8800011       37.8699989    
   71.2900009      -156.789993    
   66.8899994      -162.610001    
   64.5100021      -165.440002    
   60.7900009      -161.839996    
   62.9599991      -155.600006    
   64.8199997      -147.880005    
   61.1599998      -149.990005    
   57.1599998      -170.220001    
   55.2000008      -162.720001    
   58.6800003      -156.669998    
   57.7400017      -152.490005    
   59.5200005      -139.669998    
   55.0400009      -131.580002    
   52.7200012       174.100006    
   65.2799988      -126.750000    
   68.7799988      -81.2500000    
   82.5000000      -62.3300018    
   50.6800003      -127.370003    
   53.5499992      -114.099998    
   49.9500008      -119.400002    
   43.9300003      -60.0200005    
   43.8699989      -66.0999985    
   46.2999992      -76.0000000    
   47.6699982      -52.7500000    
   50.2200012      -66.2699966    
   48.5499992      -58.5699997    
   53.2999992      -60.3699989    
   53.7500000      -73.6699982    
   51.2700005      -80.6500015    
   51.4500008      -90.1999969    
   53.9700012      -101.099998    
   58.0999985      -68.4199982    
   58.4700012      -78.0800018    
   53.9000015      -122.800003    
   63.7500000      -68.5500031    
   58.7500000      -94.0699997    
   64.1999969      -83.3700027    
   80.0000000      -85.9300003    
   74.7200012      -94.9499969    
   69.0999985      -105.120003    
   64.3000031      -96.0000000    
   60.0200005      -111.930000    
   58.8300018      -122.599998    
   68.3199997      -133.529999    
   60.7200012      -135.070007    
   24.5499992      -81.7900009    
   25.7600002      -80.3799973    
   30.4799995      -81.6999969    
   32.8899994      -80.0299988    
   27.7099991      -82.4000015    
   30.4500008      -84.3000031    
   33.3600006      -84.5699997    
   33.1800003      -86.7799988    
   30.3400002      -89.8300018    
   32.3199997      -90.0800018    
   30.1299992      -93.2200012    
   32.4500008      -93.8399963    
   32.8400002      -97.3000031    
   25.9200001      -97.4199982    
   27.7800007      -97.5100021    
   29.3700008      -100.919998    
   31.9400005      -102.190002    
   32.2299995      -110.959999    
   32.8300018      -117.120003    
   34.7799988      -76.8799973    
   36.0999985      -79.9400024    
   37.2099991      -80.4100037    
   36.2500000      -86.5599976    
   34.8400002      -92.2600021    
   35.1800003      -97.4400024    
   35.2299995      -101.709999    
   31.8700008      -106.699997    
   35.0400009      -106.620003    
   35.2299995      -111.820000    
   36.6199989      -116.019997    
   37.9300003      -75.4800034    
   38.9799995      -77.4899979    
   39.4199982      -83.8199997    
   37.2400017      -93.4000015    
   37.7599983      -99.9700012    
   39.0699997      -95.6299973    
   39.7599983      -104.870003    
   39.1199989      -108.519997    
   39.5699997      -119.800003    
   37.7400017      -122.220001    
   40.8699989      -72.8600006    
   42.6899986      -73.8300018    
   40.5299988      -80.2200012    
   42.9399986      -78.7200012    
   41.3199997      -96.3700027    
   41.1300011      -100.699997    
   40.7700005      -111.949997    
   40.8600006      -115.739998    
   42.3800011      -122.879997    
   42.7000008      -83.4700012    
   44.9099998      -84.7200012    
   44.4900017      -88.1100006    
   44.8499985      -93.5599976    
   45.4500008      -98.4100037    
   44.0699997      -103.209999    
   43.0699997      -108.480003    
   43.5699997      -116.209999    
   44.9099998      -123.010002    
   46.8699989      -68.0100021    
   48.5600014      -93.4000015    
   46.7700005      -100.760002    
   48.2099991      -106.629997    
   47.4599991      -111.379997    
   47.6800003      -117.629997    
   47.9300003      -124.559998    
   43.8899994      -70.2600021    
   41.6100006      -90.5800018    
   41.6699982      -69.9700012    
   40.1500015      -89.3399963    
   36.6100006      -97.4899979    
   28.4699993      -80.5500031    
   27.9500008      -110.769997    
   24.1700001      -110.300003    
   23.2000008      -106.419998    
   20.9799995      -89.6500015    
   19.4300003      -99.1299973    
   19.1499996      -96.1200027    
   16.8299999      -99.9300003    
   32.3699989      -64.6800003    
   19.2999992      -81.3700027    
   18.4300003      -65.9899979    
   16.2700005      -61.5299988    
   4.82999992      -52.3699989    
  -1.38000000      -48.4799995    
  -3.15000010      -59.9799995    
  -3.84999990      -32.4199982    
  -5.92000008      -35.2500000    
  -9.86999989      -56.0999985    
  -12.6999998      -60.0999985    
  -15.6499996      -56.0999985    
  -15.8699999      -47.9300003    
  -18.8799992      -48.2299995    
  -19.0000000      -57.6699982    
  -19.6299992      -43.5800018    
  -20.4699993      -54.6699982    
  -20.2700005      -40.2799988    
  -22.8199997      -43.2500000    
  -23.3299999      -51.1300011    
  -23.5200005      -46.6300011    
  -25.5200005      -49.1699982    
  -27.6700001      -48.5499992    
  -29.7199993      -53.7000008    
  -30.0000000      -51.1800003    
  -33.6500015      -71.6200027    
  -69.0000000       39.5800018    
  -66.2500000       110.529999    
   21.9899998      -159.350006    
   13.4799995       144.789993    
   19.7199993      -155.050003    
   7.44999981       151.839996    
   6.98000002       158.220001    
   8.72999954       167.729996    
   7.07000017       171.289993    
   7.34000015       134.490005    
   9.50000000       138.080002    
 -0.519999981       166.919998    
  -22.2700005       166.449997    
  -14.3400002      -170.720001    
  -17.5499992      -149.619995    
  -2.06999993       147.429993    
  -36.7799988       174.619995    
  -40.9000015       174.979996    
  -46.4199982       168.320007    
  -12.4300003       130.869995    
  -22.2299995       114.080002    
  -27.4300003       153.080002    
  -31.9300003       115.970001    
  -34.9500008       138.529999    
  -37.6699982       144.850006    
  -42.8300018       147.500000    
  -54.5000000       158.949997    
   3.56999993       98.6800003    
 -0.879999995       100.349998    
  -2.17000008       106.129997    
   1.48000002       110.330002    
   3.20000005       113.029999    
   5.94999981       116.050003    
   4.26999998       117.870003    
  -6.11999989       106.650002    
  -7.36999989       112.769997    
   1.52999997       124.919998    
 -0.680000007       119.730003    
  -5.07000017       119.550003    
  -10.1700001       123.669998    
  -1.17999995       136.119995    
